10 11
10 11
10 12
10 13
10 13
10 15
10 16
10 24
10 25
10 28
10 29
10 29
10 29
10 29
11 18
11 19
11 20
11 22
12 12
12 17
12 20
12 21
12 21
12 22
12 24
12 24
12 27
12 30
13 15
13 18
13 21
13 22
13 25
13 29
14 15
15 17
15 19
15 21
15 23
15 25
15 26
15 27
15 28
16 16
16 20
16 20
16 20
16 23
16 25
16 25
16 28
17 18
17 21
17 21
17 22
17 23
17 23
17 24
17 25
17 28
18 18
18 21
18 26
18 28
18 29
18 30
19 23
19 23
19 23
19 24
19 24
19 27
19 28
19 29
20 20
20 21
20 23
20 24
20 27
20 28
21 22
21 22
21 23
21 29
22 27
22 27
23 24
23 25
23 27
24 25
24 28
25 26
25 27
25 28
25 29
26 28
27 29
28 29
28 30
28 30